L4
(265985,127755),(265985,127225),(266155,127225),(266155,127755),(266985,127755),(266985,127275),(267155,127275),(267155,127755),(267855,127755),(267855,127280),(268025,127280),(268025,127755),(268705,127755),(268705,127280),(268875,127280),(268875,127755),(269100,127755),(269100,127925),(260360,127925),(260360,127755),(260875,127755),(260875,127375),(261205,127375),(261205,127755),(261815,127755),(261815,127295),(262065,127295),(262065,127755),(263760,127755),(263760,127255),(264130,127255),(264130,127755)
(323025,127755),(323025,127225),(323195,127225),(323195,127755),(324025,127755),(324025,127275),(324195,127275),(324195,127755),(324895,127755),(324895,127280),(325065,127280),(325065,127755),(325745,127755),(325745,127280),(325915,127280),(325915,127755),(326140,127755),(326140,127925),(317400,127925),(317400,127755),(317915,127755),(317915,127375),(318245,127375),(318245,127755),(318855,127755),(318855,127295),(319105,127295),(319105,127755),(320800,127755),(320800,127255),(321170,127255),(321170,127755)
(197905,127755),(197905,127225),(198075,127225),(198075,127755),(198905,127755),(198905,127275),(199075,127275),(199075,127755),(199775,127755),(199775,127280),(199945,127280),(199945,127755),(200625,127755),(200625,127280),(200795,127280),(200795,127755),(201020,127755),(201020,127925),(192280,127925),(192280,127755),(192795,127755),(192795,127375),(193125,127375),(193125,127755),(193735,127755),(193735,127295),(193985,127295),(193985,127755),(195680,127755),(195680,127255),(196050,127255),(196050,127755)
(182265,127755),(182265,127225),(182435,127225),(182435,127755),(183265,127755),(183265,127275),(183435,127275),(183435,127755),(184135,127755),(184135,127280),(184305,127280),(184305,127755),(184985,127755),(184985,127280),(185155,127280),(185155,127755),(185380,127755),(185380,127925),(176640,127925),(176640,127755),(177155,127755),(177155,127375),(177485,127375),(177485,127755),(178095,127755),(178095,127295),(178345,127295),(178345,127755),(180040,127755),(180040,127255),(180410,127255),(180410,127755)
(166165,127755),(166165,127225),(166335,127225),(166335,127755),(167165,127755),(167165,127275),(167335,127275),(167335,127755),(168035,127755),(168035,127280),(168205,127280),(168205,127755),(168885,127755),(168885,127280),(169055,127280),(169055,127755),(169280,127755),(169280,127925),(160540,127925),(160540,127755),(161055,127755),(161055,127375),(161385,127375),(161385,127755),(161995,127755),(161995,127295),(162245,127295),(162245,127755),(163940,127755),(163940,127255),(164310,127255),(164310,127755)
(144085,127755),(144085,127225),(144255,127225),(144255,127755),(145085,127755),(145085,127275),(145255,127275),(145255,127755),(145955,127755),(145955,127280),(146125,127280),(146125,127755),(146805,127755),(146805,127280),(146975,127280),(146975,127755),(147200,127755),(147200,127925),(138460,127925),(138460,127755),(138975,127755),(138975,127375),(139305,127375),(139305,127755),(139915,127755),(139915,127295),(140165,127295),(140165,127755),(141860,127755),(141860,127255),(142230,127255),(142230,127755)
(128445,127755),(128445,127225),(128615,127225),(128615,127755),(129445,127755),(129445,127275),(129615,127275),(129615,127755),(130315,127755),(130315,127280),(130485,127280),(130485,127755),(131165,127755),(131165,127280),(131335,127280),(131335,127755),(131560,127755),(131560,127925),(122820,127925),(122820,127755),(123335,127755),(123335,127375),(123665,127375),(123665,127755),(124275,127755),(124275,127295),(124525,127295),(124525,127755),(126220,127755),(126220,127255),(126590,127255),(126590,127755)
(84745,127755),(84745,127225),(84915,127225),(84915,127755),(85745,127755),(85745,127275),(85915,127275),(85915,127755),(86615,127755),(86615,127280),(86785,127280),(86785,127755),(87465,127755),(87465,127280),(87635,127280),(87635,127755),(87860,127755),(87860,127925),(79120,127925),(79120,127755),(79635,127755),(79635,127375),(79965,127375),(79965,127755),(80575,127755),(80575,127295),(80825,127295),(80825,127755),(82520,127755),(82520,127255),(82890,127255),(82890,127755)
(66345,127755),(66345,127225),(66515,127225),(66515,127755),(67345,127755),(67345,127275),(67515,127275),(67515,127755),(68215,127755),(68215,127280),(68385,127280),(68385,127755),(69065,127755),(69065,127280),(69235,127280),(69235,127755),(69460,127755),(69460,127925),(60720,127925),(60720,127755),(61235,127755),(61235,127375),(61565,127375),(61565,127755),(62175,127755),(62175,127295),(62425,127295),(62425,127755),(64120,127755),(64120,127255),(64490,127255),(64490,127755)
(32765,127755),(32765,127225),(32935,127225),(32935,127755),(33765,127755),(33765,127275),(33935,127275),(33935,127755),(34635,127755),(34635,127280),(34805,127280),(34805,127755),(35485,127755),(35485,127280),(35655,127280),(35655,127755),(35880,127755),(35880,127925),(27140,127925),(27140,127755),(27655,127755),(27655,127375),(27985,127375),(27985,127755),(28595,127755),(28595,127295),(28845,127295),(28845,127755),(30540,127755),(30540,127255),(30910,127255),(30910,127755)
(287500,127925),(287500,127755),(296240,127755),(296240,127925),(296015,127925),(296015,128400),(295845,128400),(295845,127925),(295165,127925),(295165,128400),(294995,128400),(294995,127925),(294295,127925),(294295,128405),(294125,128405),(294125,127925),(293295,127925),(293295,128455),(293125,128455),(293125,127925),(291270,127925),(291270,128425),(290900,128425),(290900,127925),(289205,127925),(289205,128385),(288955,128385),(288955,127925),(288345,127925),(288345,128305),(288015,128305),(288015,127925)
(298080,127925),(298080,127755),(306820,127755),(306820,127925),(306595,127925),(306595,128400),(306425,128400),(306425,127925),(305745,127925),(305745,128400),(305575,128400),(305575,127925),(304875,127925),(304875,128405),(304705,128405),(304705,127925),(303875,127925),(303875,128455),(303705,128455),(303705,127925),(301850,127925),(301850,128425),(301480,128425),(301480,127925),(299785,127925),(299785,128385),(299535,128385),(299535,127925),(298925,127925),(298925,128305),(298595,128305),(298595,127925)
(258520,127925),(258520,127755),(267260,127755),(267260,127925),(267035,127925),(267035,128400),(266865,128400),(266865,127925),(266185,127925),(266185,128400),(266015,128400),(266015,127925),(265315,127925),(265315,128405),(265145,128405),(265145,127925),(264315,127925),(264315,128455),(264145,128455),(264145,127925),(262290,127925),(262290,128425),(261920,128425),(261920,127925),(260225,127925),(260225,128385),(259975,128385),(259975,127925),(259365,127925),(259365,128305),(259035,128305),(259035,127925)
(239660,127925),(239660,127755),(248400,127755),(248400,127925),(248175,127925),(248175,128400),(248005,128400),(248005,127925),(247325,127925),(247325,128400),(247155,128400),(247155,127925),(246455,127925),(246455,128405),(246285,128405),(246285,127925),(245455,127925),(245455,128455),(245285,128455),(245285,127925),(243430,127925),(243430,128425),(243060,128425),(243060,127925),(241365,127925),(241365,128385),(241115,128385),(241115,127925),(240505,127925),(240505,128305),(240175,128305),(240175,127925)
(207460,127925),(207460,127755),(216200,127755),(216200,127925),(215975,127925),(215975,128400),(215805,128400),(215805,127925),(215125,127925),(215125,128400),(214955,128400),(214955,127925),(214255,127925),(214255,128405),(214085,128405),(214085,127925),(213255,127925),(213255,128455),(213085,128455),(213085,127925),(211230,127925),(211230,128425),(210860,128425),(210860,127925),(209165,127925),(209165,128385),(208915,128385),(208915,127925),(208305,127925),(208305,128305),(207975,128305),(207975,127925)
(93380,127925),(93380,127755),(102120,127755),(102120,127925),(101895,127925),(101895,128400),(101725,128400),(101725,127925),(101045,127925),(101045,128400),(100875,128400),(100875,127925),(100175,127925),(100175,128405),(100005,128405),(100005,127925),(99175,127925),(99175,128455),(99005,128455),(99005,127925),(97150,127925),(97150,128425),(96780,128425),(96780,127925),(95085,127925),(95085,128385),(94835,128385),(94835,127925),(94225,127925),(94225,128305),(93895,128305),(93895,127925)
(301355,127755),(301355,127245),(301770,127245),(301770,127755),(303185,127755),(303185,127355),(303515,127355),(303515,127755),(304025,127755),(304025,127355),(304355,127355),(304355,127755),(306820,127755),(306820,127925),(300840,127925),(300840,127755)
(276055,127755),(276055,127245),(276470,127245),(276470,127755),(277885,127755),(277885,127355),(278215,127355),(278215,127755),(278725,127755),(278725,127355),(279055,127355),(279055,127755),(281520,127755),(281520,127925),(275540,127925),(275540,127755)
(217635,127755),(217635,127245),(218050,127245),(218050,127755),(219465,127755),(219465,127355),(219795,127355),(219795,127755),(220305,127755),(220305,127355),(220635,127355),(220635,127755),(223100,127755),(223100,127925),(217120,127925),(217120,127755)
(205215,127755),(205215,127245),(205630,127245),(205630,127755),(207045,127755),(207045,127355),(207375,127355),(207375,127755),(207885,127755),(207885,127355),(208215,127355),(208215,127755),(210680,127755),(210680,127925),(204700,127925),(204700,127755)
(153695,127755),(153695,127245),(154110,127245),(154110,127755),(155525,127755),(155525,127355),(155855,127355),(155855,127755),(156365,127755),(156365,127355),(156695,127355),(156695,127755),(159160,127755),(159160,127925),(153180,127925),(153180,127755)
(106775,127755),(106775,127245),(107190,127245),(107190,127755),(108605,127755),(108605,127355),(108935,127355),(108935,127755),(109445,127755),(109445,127355),(109775,127355),(109775,127755),(112240,127755),(112240,127925),(106260,127925),(106260,127755)
(89755,127755),(89755,127245),(90170,127245),(90170,127755),(91585,127755),(91585,127355),(91915,127355),(91915,127755),(92425,127755),(92425,127355),(92755,127355),(92755,127755),(95220,127755),(95220,127925),(89240,127925),(89240,127755)
(40995,127755),(40995,127245),(41410,127245),(41410,127755),(42825,127755),(42825,127355),(43155,127355),(43155,127755),(43665,127755),(43665,127355),(43995,127355),(43995,127755),(46460,127755),(46460,127925),(40480,127925),(40480,127755)
(307740,127925),(307740,127755),(313720,127755),(313720,127925),(311255,127925),(311255,128325),(310925,128325),(310925,127925),(310415,127925),(310415,128325),(310085,128325),(310085,127925),(308670,127925),(308670,128435),(308255,128435),(308255,127925)
(251620,127925),(251620,127755),(257600,127755),(257600,127925),(255135,127925),(255135,128325),(254805,128325),(254805,127925),(254295,127925),(254295,128325),(253965,128325),(253965,127925),(252550,127925),(252550,128435),(252135,128435),(252135,127925)
(327980,127925),(327980,127755),(333960,127755),(333960,127925),(331495,127925),(331495,128325),(331165,128325),(331165,127925),(330655,127925),(330655,128325),(330325,128325),(330325,127925),(328910,127925),(328910,128435),(328495,128435),(328495,127925)
(219420,127925),(219420,127755),(225400,127755),(225400,127925),(222935,127925),(222935,128325),(222605,128325),(222605,127925),(222095,127925),(222095,128325),(221765,128325),(221765,127925),(220350,127925),(220350,128435),(219935,128435),(219935,127925)
(186760,127925),(186760,127755),(192740,127755),(192740,127925),(190275,127925),(190275,128325),(189945,128325),(189945,127925),(189435,127925),(189435,128325),(189105,128325),(189105,127925),(187690,127925),(187690,128435),(187275,128435),(187275,127925)
(174340,127925),(174340,127755),(180320,127755),(180320,127925),(177855,127925),(177855,128325),(177525,128325),(177525,127925),(177015,127925),(177015,128325),(176685,128325),(176685,127925),(175270,127925),(175270,128435),(174855,128435),(174855,127925)
(155480,127925),(155480,127755),(161460,127755),(161460,127925),(158995,127925),(158995,128325),(158665,128325),(158665,127925),(158155,127925),(158155,128325),(157825,128325),(157825,127925),(156410,127925),(156410,128435),(155995,128435),(155995,127925)
(132940,127925),(132940,127755),(138920,127755),(138920,127925),(136455,127925),(136455,128325),(136125,128325),(136125,127925),(135615,127925),(135615,128325),(135285,128325),(135285,127925),(133870,127925),(133870,128435),(133455,128435),(133455,127925)
(72220,127925),(72220,127755),(78200,127755),(78200,127925),(75735,127925),(75735,128325),(75405,128325),(75405,127925),(74895,127925),(74895,128325),(74565,128325),(74565,127925),(73150,127925),(73150,128435),(72735,128435),(72735,127925)
(41400,127925),(41400,127755),(47380,127755),(47380,127925),(44915,127925),(44915,128325),(44585,128325),(44585,127925),(44075,127925),(44075,128325),(43745,128325),(43745,127925),(42330,127925),(42330,128435),(41915,128435),(41915,127925)
(21160,127925),(21160,127755),(27140,127755),(27140,127925),(24675,127925),(24675,128325),(24345,128325),(24345,127925),(23835,127925),(23835,128325),(23505,128325),(23505,127925),(22090,127925),(22090,128435),(21675,128435),(21675,127925)
(115515,127755),(115515,127355),(115614,127355),(115614,127925),(115000,127925),(115000,127755)
(108560,127925),(108560,127755),(115614,127755),(115614,127925),(115355,127925),(115355,128405),(115185,128405),(115185,127925),(114355,127925),(114355,128455),(114185,128455),(114185,127925),(112330,127925),(112330,128425),(111960,128425),(111960,127925),(110265,127925),(110265,128385),(110015,128385),(110015,127925),(109405,127925),(109405,128305),(109075,128305),(109075,127925)
(282900,127925),(282900,127755),(284280,127755),(284280,127925),(284015,127925),(284015,128585),(283675,128585),(283675,127925)
(228160,127925),(228160,127755),(229540,127755),(229540,127925),(229275,127925),(229275,128585),(228935,128585),(228935,127925)
(226320,127925),(226320,127755),(227700,127755),(227700,127925),(227435,127925),(227435,128585),(227095,128585),(227095,127925)
(194120,127925),(194120,127755),(195500,127755),(195500,127925),(195235,127925),(195235,128585),(194895,128585),(194895,127925)
(143980,127925),(143980,127755),(145360,127755),(145360,127925),(145095,127925),(145095,128585),(144755,128585),(144755,127925)
(126040,127925),(126040,127755),(127420,127755),(127420,127925),(127155,127925),(127155,128585),(126815,128585),(126815,127925)
(78660,127925),(78660,127755),(80040,127755),(80040,127925),(79775,127925),(79775,128585),(79435,128585),(79435,127925)
(62100,127925),(62100,127755),(63480,127755),(63480,127925),(63215,127925),(63215,128585),(62875,128585),(62875,127925)
(17480,127925),(17480,127755),(18860,127755),(18860,127925),(18595,127925),(18595,128585),(18255,128585),(18255,127925)
(224075,127755),(224075,127355),(224405,127355),(224405,127755),(225708,127755),(225708,127925),(223560,127925),(223560,127755)
(271465,127755),(271465,127375),(271795,127375),(271795,127755),(272320,127755),(272320,127925),(270940,127925),(270940,127755)
(121965,127755),(121965,127375),(122295,127375),(122295,127755),(122820,127755),(122820,127925),(121440,127925),(121440,127755)
(120125,127755),(120125,127375),(120455,127375),(120455,127755),(120980,127755),(120980,127925),(119600,127925),(119600,127755)
(54345,127755),(54345,127375),(54675,127375),(54675,127755),(55200,127755),(55200,127925),(53820,127925),(53820,127755)
(245495,127755),(245495,127095),(245835,127095),(245835,127755),(246100,127755),(246100,127925),(244720,127925),(244720,127755)
(238595,127755),(238595,127095),(238935,127095),(238935,127755),(239200,127755),(239200,127925),(237820,127925),(237820,127755)
(186615,127755),(186615,127095),(186955,127095),(186955,127755),(187220,127755),(187220,127925),(185840,127925),(185840,127755)
(113935,127755),(113935,127095),(114275,127095),(114275,127755),(114540,127755),(114540,127925),(113160,127925),(113160,127755)
(96915,127755),(96915,127095),(97255,127095),(97255,127755),(97520,127755),(97520,127925),(96140,127925),(96140,127755)
(75295,127755),(75295,127095),(75635,127095),(75635,127755),(75900,127755),(75900,127925),(74520,127925),(74520,127755)
(37115,127755),(37115,127095),(37455,127095),(37455,127755),(37720,127755),(37720,127925),(36340,127925),(36340,127755)
(8135,127755),(8135,127095),(8475,127095),(8475,127755),(8740,127755),(8740,127925),(7360,127925),(7360,127755)
(296700,127925),(296700,127755),(298080,127755),(298080,127925),(297555,127925),(297555,128305),(297225,128305),(297225,127925)
(284740,127925),(284740,127755),(286120,127755),(286120,127925),(285595,127925),(285595,128305),(285265,128305),(285265,127925)
(226365,127755),(226365,127220),(226875,127220),(226875,127755),(227700,127755),(227700,127925),(225708,127925),(225708,127755)
(27140,127925),(27140,127755),(28980,127755),(28980,127925),(28895,127925),(28895,128695),(27975,128695),(27975,129215),(27225,129215),(27225,127925)
(18860,127925),(18860,127755),(20700,127755),(20700,127925),(20615,127925),(20615,128695),(19695,128695),(19695,129215),(18945,129215),(18945,127925)
(315645,127755),(315645,126465),(316395,126465),(316395,126985),(317315,126985),(317315,127755),(317400,127755),(317400,127925),(315560,127925),(315560,127755)
(269185,127755),(269185,126465),(269935,126465),(269935,126985),(270855,126985),(270855,127755),(270940,127755),(270940,127925),(269100,127925),(269100,127755)
(201105,127755),(201105,126465),(201855,126465),(201855,126985),(202775,126985),(202775,127755),(202860,127755),(202860,127925),(201020,127925),(201020,127755)
(151425,127755),(151425,126465),(152175,126465),(152175,126985),(153095,126985),(153095,127755),(153180,127755),(153180,127925),(151340,127925),(151340,127755)
(138920,127925),(138920,127755),(142600,127755),(142600,127925),(142515,127925),(142515,128695),(140655,128695),(140655,129215),(139005,129215),(139005,127925)
(117805,127755),(117805,127220),(118315,127220),(118315,127755),(119140,127755),(119140,127925),(115614,127925),(115614,127355),(115845,127355),(115845,127755)
(314640,127925),(314640,127755),(316020,127755),(316020,127925),(315935,127925),(315935,128675),(315245,128675),(315245,129215),(314725,129215),(314725,127925)
(248400,127925),(248400,127755),(249780,127755),(249780,127925),(249695,127925),(249695,128675),(249005,128675),(249005,129215),(248485,129215),(248485,127925)
(216200,127925),(216200,127755),(217580,127755),(217580,127925),(217495,127925),(217495,128675),(216805,128675),(216805,129215),(216285,129215),(216285,127925)
(192740,127925),(192740,127755),(194120,127755),(194120,127925),(194035,127925),(194035,128675),(193345,128675),(193345,129215),(192825,129215),(192825,127925)
(185380,127925),(185380,127755),(186760,127755),(186760,127925),(186675,127925),(186675,128675),(185985,128675),(185985,129215),(185465,129215),(185465,127925)
(166520,127925),(166520,127755),(167900,127755),(167900,127925),(167815,127925),(167815,128675),(167125,128675),(167125,129215),(166605,129215),(166605,127925)
(146280,127925),(146280,127755),(147660,127755),(147660,127925),(147575,127925),(147575,128675),(146885,128675),(146885,129215),(146365,129215),(146365,127925)
(123740,127925),(123740,127755),(125120,127755),(125120,127925),(125035,127925),(125035,128675),(124345,128675),(124345,129215),(123825,129215),(123825,127925)
(34040,127925),(34040,127755),(35420,127755),(35420,127925),(35335,127925),(35335,128675),(34645,128675),(34645,129215),(34125,129215),(34125,127925)
(6900,127925),(6900,127755),(8280,127755),(8280,127925),(8195,127925),(8195,128675),(7505,128675),(7505,129215),(6985,129215),(6985,127925)
(5520,127925),(5520,127755),(6900,127755),(6900,127925),(6815,127925),(6815,128675),(6125,128675),(6125,129215),(5605,129215),(5605,127925)
(335195,127005),(335195,126465),(335715,126465),(335715,127755),(335800,127755),(335800,127925),(334420,127925),(334420,127755),(334505,127755),(334505,127005)
(281605,127755),(281605,126465),(282125,126465),(282125,127005),(282815,127005),(282815,127755),(282900,127755),(282900,127925),(281520,127925),(281520,127755)
(306905,127755),(306905,126465),(307425,126465),(307425,127005),(308115,127005),(308115,127755),(308200,127755),(308200,127925),(306820,127925),(306820,127755)
(252625,127755),(252625,126465),(253145,126465),(253145,127005),(253835,127005),(253835,127755),(253920,127755),(253920,127925),(252540,127925),(252540,127755)
(333125,127755),(333125,126465),(333645,126465),(333645,127005),(334335,127005),(334335,127755),(334420,127755),(334420,127925),(333040,127925),(333040,127755)
(97605,127755),(97605,126465),(98125,126465),(98125,127005),(98815,127005),(98815,127755),(98900,127755),(98900,127925),(97520,127925),(97520,127755)
(87945,127755),(87945,126465),(88465,126465),(88465,127005),(89155,127005),(89155,127755),(89240,127755),(89240,127925),(87860,127925),(87860,127755)
(59425,127755),(59425,126465),(59945,126465),(59945,127005),(60635,127005),(60635,127755),(60720,127755),(60720,127925),(59340,127925),(59340,127755)
(46545,127755),(46545,126465),(47065,126465),(47065,127005),(47755,127005),(47755,127755),(47840,127755),(47840,127925),(46460,127925),(46460,127755)
(5605,127755),(5605,126465),(6125,126465),(6125,127005),(6815,127005),(6815,127755),(6900,127755),(6900,127925),(5520,127925),(5520,127755)
(334420,127925),(334420,127755),(335800,127755),(335800,127925),(335715,127925),(335715,129215),(335195,129215),(335195,128675),(334505,128675),(334505,127925)
(278300,127925),(278300,127755),(282440,127755),(282440,127925),(281615,127925),(281615,128460),(281105,128460),(281105,127925),(279145,127925),(279145,128325),(278815,128325),(278815,127925)
(273700,127925),(273700,127755),(277840,127755),(277840,127925),(277015,127925),(277015,128460),(276505,128460),(276505,127925),(274545,127925),(274545,128325),(274215,128325),(274215,127925)
(235060,127925),(235060,127755),(239200,127755),(239200,127925),(238375,127925),(238375,128460),(237865,128460),(237865,127925),(235905,127925),(235905,128325),(235575,128325),(235575,127925)
(230460,127925),(230460,127755),(234600,127755),(234600,127925),(233775,127925),(233775,128460),(233265,128460),(233265,127925),(231305,127925),(231305,128325),(230975,128325),(230975,127925)
(202400,127925),(202400,127755),(206540,127755),(206540,127925),(205715,127925),(205715,128460),(205205,128460),(205205,127925),(203245,127925),(203245,128325),(202915,128325),(202915,127925)
(181240,127925),(181240,127755),(185380,127755),(185380,127925),(184555,127925),(184555,128460),(184045,128460),(184045,127925),(182085,127925),(182085,128325),(181755,128325),(181755,127925)
(162380,127925),(162380,127755),(166520,127755),(166520,127925),(165695,127925),(165695,128460),(165185,128460),(165185,127925),(163225,127925),(163225,128325),(162895,128325),(162895,127925)
(128800,127925),(128800,127755),(132940,127755),(132940,127925),(132115,127925),(132115,128460),(131605,128460),(131605,127925),(129645,127925),(129645,128325),(129315,128325),(129315,127925)
(80040,127925),(80040,127755),(84180,127755),(84180,127925),(83355,127925),(83355,128460),(82845,128460),(82845,127925),(80885,127925),(80885,128325),(80555,128325),(80555,127925)
(57040,127925),(57040,127755),(61180,127755),(61180,127925),(60355,127925),(60355,128460),(59845,128460),(59845,127925),(57885,127925),(57885,128325),(57555,128325),(57555,127925)
(52440,127925),(52440,127755),(56580,127755),(56580,127925),(55755,127925),(55755,128460),(55245,128460),(55245,127925),(53285,127925),(53285,128325),(52955,128325),(52955,127925)
(47840,127925),(47840,127755),(51980,127755),(51980,127925),(51155,127925),(51155,128460),(50645,128460),(50645,127925),(48685,127925),(48685,128325),(48355,128325),(48355,127925)
(28980,127925),(28980,127755),(33120,127755),(33120,127925),(32295,127925),(32295,128460),(31785,128460),(31785,127925),(29825,127925),(29825,128325),(29495,128325),(29495,127925)
(12880,127925),(12880,127755),(17020,127755),(17020,127925),(16195,127925),(16195,128460),(15685,128460),(15685,127925),(13725,127925),(13725,128325),(13395,128325),(13395,127925)
(8280,127925),(8280,127755),(12420,127755),(12420,127925),(11595,127925),(11595,128460),(11085,128460),(11085,127925),(9125,127925),(9125,128325),(8795,128325),(8795,127925)
(115614,127925),(115614,127755),(117300,127755),(117300,127925),(117075,127925),(117075,128400),(116905,128400),(116905,127925),(116225,127925),(116225,128400),(116055,128400),(116055,127925)
(273825,127755),(273825,126935),(274055,126935),(274055,127755),(274725,127755),(274725,126935),(274935,126935),(274935,127755),(275080,127755),(275080,127925),(273700,127925),(273700,127755)
(314305,127755),(314305,126935),(314535,126935),(314535,127755),(315205,127755),(315205,126935),(315415,126935),(315415,127755),(315560,127755),(315560,127925),(314180,127925),(314180,127755)
(326725,127755),(326725,126935),(326955,126935),(326955,127755),(327625,127755),(327625,126935),(327835,126935),(327835,127755),(327980,127755),(327980,127925),(326600,127925),(326600,127755)
(202985,127755),(202985,126935),(203215,126935),(203215,127755),(203885,127755),(203885,126935),(204095,126935),(204095,127755),(204240,127755),(204240,127925),(202860,127925),(202860,127755)
(188725,127755),(188725,126935),(188955,126935),(188955,127755),(189625,127755),(189625,126935),(189835,126935),(189835,127755),(189980,127755),(189980,127925),(188600,127925),(188600,127755)
(190565,127755),(190565,126935),(190795,126935),(190795,127755),(191465,127755),(191465,126935),(191675,126935),(191675,127755),(191820,127755),(191820,127925),(190440,127925),(190440,127755)
(174465,127755),(174465,126935),(174695,126935),(174695,127755),(175365,127755),(175365,126935),(175575,126935),(175575,127755),(175720,127755),(175720,127925),(174340,127925),(174340,127755)
(104545,127755),(104545,126935),(104775,126935),(104775,127755),(105445,127755),(105445,126935),(105655,126935),(105655,127755),(105800,127755),(105800,127925),(104420,127925),(104420,127755)
(76945,127755),(76945,126935),(77175,126935),(77175,127755),(77845,127755),(77845,126935),(78055,126935),(78055,127755),(78200,127755),(78200,127925),(76820,127925),(76820,127755)
(38765,127755),(38765,126935),(38995,126935),(38995,127755),(39665,127755),(39665,126935),(39875,126935),(39875,127755),(40020,127755),(40020,127925),(38640,127925),(38640,127755)
(20825,127755),(20825,126935),(21055,126935),(21055,127755),(21725,127755),(21725,126935),(21935,126935),(21935,127755),(22080,127755),(22080,127925),(20700,127925),(20700,127755)
(249780,127925),(249780,127755),(251160,127755),(251160,127925),(251015,127925),(251015,128745),(250805,128745),(250805,127925),(250135,127925),(250135,128745),(249905,128745),(249905,127925)
(217580,127925),(217580,127755),(218960,127755),(218960,127925),(218815,127925),(218815,128745),(218605,128745),(218605,127925),(217935,127925),(217935,128745),(217705,128745),(217705,127925)
(153640,127925),(153640,127755),(155020,127755),(155020,127925),(154875,127925),(154875,128745),(154665,128745),(154665,127925),(153995,127925),(153995,128745),(153765,128745),(153765,127925)
(127420,127925),(127420,127755),(128800,127755),(128800,127925),(128655,127925),(128655,128745),(128445,128745),(128445,127925),(127775,127925),(127775,128745),(127545,128745),(127545,127925)
(91540,127925),(91540,127755),(92920,127755),(92920,127925),(92775,127925),(92775,128745),(92565,128745),(92565,127925),(91895,127925),(91895,128745),(91665,128745),(91665,127925)
(90160,127925),(90160,127755),(91540,127755),(91540,127925),(91395,127925),(91395,128745),(91185,128745),(91185,127925),(90515,127925),(90515,128745),(90285,128745),(90285,127925)
(70380,127925),(70380,127755),(71760,127755),(71760,127925),(71615,127925),(71615,128745),(71405,128745),(71405,127925),(70735,127925),(70735,128745),(70505,128745),(70505,127925)
(292145,127755),(292145,127220),(292655,127220),(292655,127755),(293480,127755),(293480,127925),(289340,127925),(289340,127755),(289855,127755),(289855,127355),(290185,127355),(290185,127755)
(331705,127755),(331705,127220),(332215,127220),(332215,127755),(333040,127755),(333040,127925),(328900,127925),(328900,127755),(329415,127755),(329415,127355),(329745,127355),(329745,127755)
(242465,127755),(242465,127220),(242975,127220),(242975,127755),(243800,127755),(243800,127925),(239660,127925),(239660,127755),(240175,127755),(240175,127355),(240505,127355),(240505,127755)
(236025,127755),(236025,127220),(236535,127220),(236535,127755),(237360,127755),(237360,127925),(233220,127925),(233220,127755),(233735,127755),(233735,127355),(234065,127355),(234065,127755)
(231425,127755),(231425,127220),(231935,127220),(231935,127755),(232760,127755),(232760,127925),(228620,127925),(228620,127755),(229135,127755),(229135,127355),(229465,127355),(229465,127755)
(214405,127755),(214405,127220),(214915,127220),(214915,127755),(215740,127755),(215740,127925),(211600,127925),(211600,127755),(212115,127755),(212115,127355),(212445,127355),(212445,127755)
(172545,127755),(172545,127220),(173055,127220),(173055,127755),(173880,127755),(173880,127925),(169740,127925),(169740,127755),(170255,127755),(170255,127355),(170585,127355),(170585,127755)
(150005,127755),(150005,127220),(150515,127220),(150515,127755),(151340,127755),(151340,127925),(147200,127925),(147200,127755),(147715,127755),(147715,127355),(148045,127355),(148045,127755)
(101705,127755),(101705,127220),(102215,127220),(102215,127755),(103040,127755),(103040,127925),(98900,127925),(98900,127755),(99415,127755),(99415,127355),(99745,127355),(99745,127755)
(72725,127755),(72725,127220),(73235,127220),(73235,127755),(74060,127755),(74060,127925),(69920,127925),(69920,127755),(70435,127755),(70435,127355),(70765,127355),(70765,127755)
(58005,127755),(58005,127220),(58515,127220),(58515,127755),(59340,127755),(59340,127925),(55200,127925),(55200,127755),(55715,127755),(55715,127355),(56045,127355),(56045,127755)
(51565,127755),(51565,127220),(52075,127220),(52075,127755),(52900,127755),(52900,127925),(48760,127925),(48760,127755),(49275,127755),(49275,127355),(49605,127355),(49605,127755)
(25345,127755),(25345,127220),(25855,127220),(25855,127755),(26680,127755),(26680,127925),(22540,127925),(22540,127755),(23055,127755),(23055,127355),(23385,127355),(23385,127755)
(12005,127755),(12005,127220),(12515,127220),(12515,127755),(13340,127755),(13340,127925),(9200,127925),(9200,127755),(9715,127755),(9715,127355),(10045,127355),(10045,127755)
(287595,127125),(287800,127125),(287800,127790),(287595,127790)
(298635,127125),(298840,127125),(298840,127790),(298635,127790)
(312895,127125),(313100,127125),(313100,127790),(312895,127790)
(258615,127125),(258820,127125),(258820,127790),(258615,127790)
(251715,127125),(251920,127125),(251920,127790),(251715,127790)
(272415,127890),(272620,127890),(272620,128555),(272415,128555)
(320715,127890),(320920,127890),(320920,128555),(320715,128555)
(326695,127890),(326900,127890),(326900,128555),(326695,128555)
(200655,127890),(200860,127890),(200860,128555),(200655,128555)
(172595,127890),(172800,127890),(172800,128555),(172595,128555)
(152355,127890),(152560,127890),(152560,128555),(152355,128555)
(122915,127890),(123120,127890),(123120,128555),(122915,128555)
(137175,127125),(137380,127125),(137380,127790),(137175,127790)
(107275,127890),(107480,127890),(107480,128555),(107275,128555)
(88875,127890),(89080,127890),(89080,128555),(88875,128555)
(68635,127890),(68840,127890),(68840,128555),(68635,128555)
(40115,127890),(40320,127890),(40320,128555),(40115,128555)
(18495,127125),(18700,127125),(18700,127790),(18495,127790)
(295815,127395),(296145,127395),(296145,127800),(295815,127800)
(284775,127395),(285105,127395),(285105,127800),(284775,127800)
(310075,127395),(310405,127395),(310405,127800),(310075,127800)
(255795,127395),(256125,127395),(256125,127800),(255795,127800)
(248895,127395),(249225,127395),(249225,127800),(248895,127800)
(269595,127880),(269925,127880),(269925,128285),(269595,128285)
(317895,127880),(318225,127880),(318225,128285),(317895,128285)
(323875,127880),(324205,127880),(324205,128285),(323875,128285)
(197835,127880),(198165,127880),(198165,128285),(197835,128285)
(169775,127880),(170105,127880),(170105,128285),(169775,128285)
(149535,127880),(149865,127880),(149865,128285),(149535,128285)
(120095,127880),(120425,127880),(120425,128285),(120095,128285)
(134355,127395),(134685,127395),(134685,127800),(134355,127800)
(104455,127880),(104785,127880),(104785,128285),(104455,128285)
(86055,127880),(86385,127880),(86385,128285),(86055,128285)
(65815,127880),(66145,127880),(66145,128285),(65815,128285)
(37295,127880),(37625,127880),(37625,128285),(37295,128285)
(15675,127395),(16005,127395),(16005,127800),(15675,127800)
(294455,127375),(294785,127375),(294785,127840),(294455,127840)
(283415,127375),(283745,127375),(283745,127840),(283415,127840)
(308715,127375),(309045,127375),(309045,127840),(308715,127840)
(254435,127375),(254765,127375),(254765,127840),(254435,127840)
(247535,127375),(247865,127375),(247865,127840),(247535,127840)
(268235,127840),(268565,127840),(268565,128305),(268235,128305)
(316535,127840),(316865,127840),(316865,128305),(316535,128305)
(322515,127840),(322845,127840),(322845,128305),(322515,128305)
(196475,127840),(196805,127840),(196805,128305),(196475,128305)
(168415,127840),(168745,127840),(168745,128305),(168415,128305)
(148175,127840),(148505,127840),(148505,128305),(148175,128305)
(118735,127840),(119065,127840),(119065,128305),(118735,128305)
(132995,127375),(133325,127375),(133325,127840),(132995,127840)
(103095,127840),(103425,127840),(103425,128305),(103095,128305)
(84695,127840),(85025,127840),(85025,128305),(84695,128305)
(64455,127840),(64785,127840),(64785,128305),(64455,128305)
(35935,127840),(36265,127840),(36265,128305),(35935,128305)
(14315,127375),(14645,127375),(14645,127840),(14315,127840)
(293940,127755),(299460,127755),(299460,127925),(293940,127925)
(282900,127755),(288420,127755),(288420,127925),(282900,127925)
(308200,127755),(313720,127755),(313720,127925),(308200,127925)
(253920,127755),(259440,127755),(259440,127925),(253920,127925)
(247020,127755),(252540,127755),(252540,127925),(247020,127925)
(267720,127755),(273240,127755),(273240,127925),(267720,127925)
(316020,127755),(321540,127755),(321540,127925),(316020,127925)
(322000,127755),(327520,127755),(327520,127925),(322000,127925)
(195960,127755),(201480,127755),(201480,127925),(195960,127925)
(167900,127755),(173420,127755),(173420,127925),(167900,127925)
(147660,127755),(153180,127755),(153180,127925),(147660,127925)
(118220,127755),(123740,127755),(123740,127925),(118220,127925)
(132480,127755),(138000,127755),(138000,127925),(132480,127925)
(102580,127755),(108100,127755),(108100,127925),(102580,127925)
(84180,127755),(89700,127755),(89700,127925),(84180,127925)
(63940,127755),(69460,127755),(69460,127925),(63940,127925)
(35420,127755),(40940,127755),(40940,127925),(35420,127925)
(13800,127755),(19320,127755),(19320,127925),(13800,127925)
(288420,127755),(289340,127755),(289340,127925),(288420,127925)
(299460,127755),(300380,127755),(300380,127925),(299460,127925)
(272780,127755),(273700,127755),(273700,127925),(272780,127925)
(259440,127755),(260360,127755),(260360,127925),(259440,127925)
(246100,127755),(247020,127755),(247020,127925),(246100,127925)
(227700,127755),(228620,127755),(228620,127925),(227700,127925)
(286580,127755),(287500,127755),(287500,127925),(286580,127925)
(306820,127755),(307740,127755),(307740,127925),(306820,127925)
(210680,127755),(211600,127755),(211600,127925),(210680,127925)
(187220,127755),(188140,127755),(188140,127925),(187220,127925)
(175720,127755),(176640,127755),(176640,127925),(175720,127925)
(159160,127755),(160080,127755),(160080,127925),(159160,127925)
(206540,127755),(207460,127755),(207460,127925),(206540,127925)
(180320,127755),(181240,127755),(181240,127925),(180320,127925)
(161460,127755),(162380,127755),(162380,127925),(161460,127925)
(143060,127755),(143980,127755),(143980,127925),(143060,127925)
(125120,127755),(126040,127755),(126040,127925),(125120,127925)
(112240,127755),(113160,127755),(113160,127925),(112240,127925)
(103040,127755),(103960,127755),(103960,127925),(103040,127925)
(95220,127755),(96140,127755),(96140,127925),(95220,127925)
(78200,127755),(79120,127755),(79120,127925),(78200,127925)
(52900,127755),(53820,127755),(53820,127925),(52900,127925)
(37720,127755),(38640,127755),(38640,127925),(37720,127925)
(69460,127755),(70380,127755),(70380,127925),(69460,127925)
(225708,127755),(226320,127755),(226320,127925),(225708,127925)
(296240,127755),(296700,127755),(296700,127925),(296240,127925)
(282440,127755),(282900,127755),(282900,127925),(282440,127925)
(284280,127755),(284740,127755),(284740,127925),(284280,127925)
(277840,127755),(278300,127755),(278300,127925),(277840,127925)
(313720,127755),(314180,127755),(314180,127925),(313720,127925)
(273240,127755),(273700,127755),(273700,127925),(273240,127925)
(267260,127755),(267720,127755),(267720,127925),(267260,127925)
(321540,127755),(322000,127755),(322000,127925),(321540,127925)
(327520,127755),(327980,127755),(327980,127925),(327520,127925)
(257600,127755),(258060,127755),(258060,127925),(257600,127925)
(251160,127755),(251620,127755),(251620,127925),(251160,127925)
(333960,127755),(334420,127755),(334420,127925),(333960,127925)
(239200,127755),(239660,127755),(239660,127925),(239200,127925)
(234600,127755),(235060,127755),(235060,127925),(234600,127925)
(229540,127755),(230000,127755),(230000,127925),(229540,127925)
(227700,127755),(228160,127755),(228160,127925),(227700,127925)
(293480,127755),(293940,127755),(293940,127925),(293480,127925)
(275080,127755),(275540,127755),(275540,127925),(275080,127925)
(313720,127755),(314180,127755),(314180,127925),(313720,127925)
(326140,127755),(326600,127755),(326600,127925),(326140,127925)
(327980,127755),(328440,127755),(328440,127925),(327980,127925)
(239200,127755),(239660,127755),(239660,127925),(239200,127925)
(243800,127755),(244260,127755),(244260,127925),(243800,127925)
(237360,127755),(237820,127755),(237820,127925),(237360,127925)
(232760,127755),(233220,127755),(233220,127925),(232760,127925)
(286120,127755),(286580,127755),(286580,127925),(286120,127925)
(314180,127755),(314640,127755),(314640,127925),(314180,127925)
(258060,127755),(258520,127755),(258520,127925),(258060,127925)
(230000,127755),(230460,127755),(230460,127925),(230000,127925)
(300380,127755),(300840,127755),(300840,127925),(300380,127925)
(272320,127755),(272780,127755),(272780,127925),(272320,127925)
(328440,127755),(328900,127755),(328900,127925),(328440,127925)
(244260,127755),(244720,127755),(244720,127925),(244260,127925)
(223100,127755),(223560,127755),(223560,127925),(223100,127925)
(216660,127755),(217120,127755),(217120,127925),(216660,127925)
(215740,127755),(216200,127755),(216200,127925),(215740,127925)
(204240,127755),(204700,127755),(204700,127925),(204240,127925)
(191820,127755),(192280,127755),(192280,127925),(191820,127925)
(189980,127755),(190440,127755),(190440,127925),(189980,127925)
(185380,127755),(185840,127755),(185840,127925),(185380,127925)
(173880,127755),(174340,127755),(174340,127925),(173880,127925)
(169280,127755),(169740,127755),(169740,127925),(169280,127925)
(138000,127755),(138460,127755),(138460,127925),(138000,127925)
(131560,127755),(132020,127755),(132020,127925),(131560,127925)
(120980,127755),(121440,127755),(121440,127925),(120980,127925)
(119140,127755),(119600,127755),(119600,127925),(119140,127925)
(218960,127755),(219420,127755),(219420,127925),(218960,127925)
(201480,127755),(201940,127755),(201940,127925),(201480,127925)
(195500,127755),(195960,127755),(195960,127925),(195500,127925)
(173420,127755),(173880,127755),(173880,127925),(173420,127925)
(155020,127755),(155480,127755),(155480,127925),(155020,127925)
(153180,127755),(153640,127755),(153640,127925),(153180,127925)
(142600,127755),(143060,127755),(143060,127925),(142600,127925)
(145360,127755),(145820,127755),(145820,127925),(145360,127925)
(117300,127755),(117760,127755),(117760,127925),(117300,127925)
(216200,127755),(216660,127755),(216660,127925),(216200,127925)
(188140,127755),(188600,127755),(188600,127925),(188140,127925)
(160080,127755),(160540,127755),(160540,127925),(160080,127925)
(132020,127755),(132480,127755),(132480,127925),(132020,127925)
(201940,127755),(202400,127755),(202400,127925),(201940,127925)
(173880,127755),(174340,127755),(174340,127925),(173880,127925)
(145820,127755),(146280,127755),(146280,127925),(145820,127925)
(117760,127755),(118220,127755),(118220,127925),(117760,127925)
(114540,127755),(115000,127755),(115000,127925),(114540,127925)
(105800,127755),(106260,127755),(106260,127925),(105800,127925)
(76360,127755),(76820,127755),(76820,127925),(76360,127925)
(74060,127755),(74520,127755),(74520,127925),(74060,127925)
(69460,127755),(69920,127755),(69920,127925),(69460,127925)
(48300,127755),(48760,127755),(48760,127925),(48300,127925)
(40020,127755),(40480,127755),(40480,127925),(40020,127925)
(35880,127755),(36340,127755),(36340,127925),(35880,127925)
(26680,127755),(27140,127755),(27140,127925),(26680,127925)
(22080,127755),(22540,127755),(22540,127925),(22080,127925)
(20240,127755),(20700,127755),(20700,127925),(20240,127925)
(19320,127755),(19780,127755),(19780,127925),(19320,127925)
(13340,127755),(13800,127755),(13800,127925),(13340,127925)
(8740,127755),(9200,127755),(9200,127925),(8740,127925)
(6900,127755),(7360,127755),(7360,127925),(6900,127925)
(108100,127755),(108560,127755),(108560,127925),(108100,127925)
(102120,127755),(102580,127755),(102580,127925),(102120,127925)
(92920,127755),(93380,127755),(93380,127925),(92920,127925)
(78200,127755),(78660,127755),(78660,127925),(78200,127925)
(71760,127755),(72220,127755),(72220,127925),(71760,127925)
(63480,127755),(63940,127755),(63940,127925),(63480,127925)
(61180,127755),(61640,127755),(61640,127925),(61180,127925)
(56580,127755),(57040,127755),(57040,127925),(56580,127925)
(51980,127755),(52440,127755),(52440,127925),(51980,127925)
(47380,127755),(47840,127755),(47840,127925),(47380,127925)
(40940,127755),(41400,127755),(41400,127925),(40940,127925)
(33120,127755),(33580,127755),(33580,127925),(33120,127925)
(20700,127755),(21160,127755),(21160,127925),(20700,127925)
(17020,127755),(17480,127755),(17480,127925),(17020,127925)
(12420,127755),(12880,127755),(12880,127925),(12420,127925)
(103960,127755),(104420,127755),(104420,127925),(103960,127925)
(75900,127755),(76360,127755),(76360,127925),(75900,127925)
(47840,127755),(48300,127755),(48300,127925),(47840,127925)
(19780,127755),(20240,127755),(20240,127925),(19780,127925)
(89700,127755),(90160,127755),(90160,127925),(89700,127925)
(61640,127755),(62100,127755),(62100,127925),(61640,127925)
(33580,127755),(34040,127755),(34040,127925),(33580,127925)
(225400,127755),(225708,127755),(225708,127925),(225400,127925)
(286205,127840),(286495,127840),(286495,128650),(286205,128650)
(314265,127840),(314555,127840),(314555,128650),(314265,128650)
(258145,127840),(258435,127840),(258435,128650),(258145,128650)
(230085,127840),(230375,127840),(230375,128650),(230085,128650)
(300465,127030),(300755,127030),(300755,127840),(300465,127840)
(272405,127030),(272695,127030),(272695,127840),(272405,127840)
(328525,127030),(328815,127030),(328815,127840),(328525,127840)
(244345,127030),(244635,127030),(244635,127840),(244345,127840)
(216285,127030),(216575,127030),(216575,127840),(216285,127840)
(188225,127030),(188515,127030),(188515,127840),(188225,127840)
(160165,127030),(160455,127030),(160455,127840),(160165,127840)
(132105,127030),(132395,127030),(132395,127840),(132105,127840)
(202025,127840),(202315,127840),(202315,128650),(202025,128650)
(173965,127840),(174255,127840),(174255,128650),(173965,128650)
(145905,127840),(146195,127840),(146195,128650),(145905,128650)
(117845,127840),(118135,127840),(118135,128650),(117845,128650)
(104045,127030),(104335,127030),(104335,127840),(104045,127840)
(75985,127030),(76275,127030),(76275,127840),(75985,127840)
(47925,127030),(48215,127030),(48215,127840),(47925,127840)
(19865,127030),(20155,127030),(20155,127840),(19865,127840)
(89785,127840),(90075,127840),(90075,128650),(89785,128650)
(61725,127840),(62015,127840),(62015,128650),(61725,128650)
(33665,127840),(33955,127840),(33955,128650),(33665,128650)
(297625,127310),(297955,127310),(297955,127800),(297625,127800)
(286585,127310),(286915,127310),(286915,127800),(286585,127800)
(311885,127310),(312215,127310),(312215,127800),(311885,127800)
(257605,127310),(257935,127310),(257935,127800),(257605,127800)
(250705,127310),(251035,127310),(251035,127800),(250705,127800)
(271405,127880),(271735,127880),(271735,128370),(271405,128370)
(319705,127880),(320035,127880),(320035,128370),(319705,128370)
(325685,127880),(326015,127880),(326015,128370),(325685,128370)
(199645,127880),(199975,127880),(199975,128370),(199645,128370)
(171585,127880),(171915,127880),(171915,128370),(171585,128370)
(151345,127880),(151675,127880),(151675,128370),(151345,128370)
(121905,127880),(122235,127880),(122235,128370),(121905,128370)
(136165,127310),(136495,127310),(136495,127800),(136165,127800)
(106265,127880),(106595,127880),(106595,128370),(106265,128370)
(87865,127880),(88195,127880),(88195,128370),(87865,128370)
(67625,127880),(67955,127880),(67955,128370),(67625,128370)
(39105,127880),(39435,127880),(39435,128370),(39105,128370)
(17485,127310),(17815,127310),(17815,127800),(17485,127800)
